0.033 0.330 0.691 0.422   -1.0
0.250 0.637 0.864 0.302   1.0
0.365 0.765 0.318 0.136   -1.0
0.761 0.082 0.551 0.565   -1.0
0.982 0.219 0.454 0.519   1.0
0.555 0.729 0.629 0.796   1.0
0.275 0.830 0.914 0.965   1.0
0.120 0.216 0.889 0.984   1.0
0.914 0.349 0.283 0.231   -1.0
0.389 0.992 0.566 0.940   1.0
0.309 0.922 0.776 0.764   1.0
0.349 0.319 0.169 0.978   -1.0
0.753 0.253 0.945 0.667   1.0
0.197 0.787 0.434 0.085   -1.0
0.951 0.999 0.119 0.234   1.0
0.603 0.623 0.222 0.169   -1.0
0.779 0.478 0.485 0.555   1.0
0.926 0.904 0.561 0.095   1.0
0.676 0.848 0.136 0.620   1.0
0.354 0.817 0.301 0.788   1.0
0.072 0.739 0.901 0.190   1.0*
0.131 0.793 0.596 0.354   1.0*
0.160 0.133 0.440 0.645   -1.0
0.682 0.571 0.592 0.243   1.0
0.474 0.919 0.514 0.610   1.0
0.029 0.964 0.356 0.331   -1.0
0.258 0.402 0.492 0.159   -1.0
0.465 0.290 0.386 0.061   -1.0
0.348 0.220 0.777 0.788   1.0
0.465 0.471 0.436 0.057   -1.0
0.102 0.531 0.632 0.617   -1.0
0.171 0.646 0.105 0.526   1.0*
0.858 0.784 0.379 0.349   1.0
0.972 0.814 0.234 0.358   1.0
0.878 0.706 0.095 0.655   1.0
0.960 0.120 0.965 0.396   1.0
0.678 0.498 0.708 0.310   1.0
0.849 0.481 0.761 0.954   1.0
0.738 0.812 0.791 0.117   1.0
0.735 0.089 0.975 0.968   1.0
0.850 0.846 0.153 0.944   1.0
0.647 0.904 0.620 0.611   1.0
0.797 0.290 0.799 0.505   1.0
0.914 0.354 0.081 0.675   1.0
0.088 0.413 0.120 0.879   -1.0
0.282 0.614 0.620 0.257   -1.0
0.066 0.106 0.428 0.219   -1.0
0.929 0.866 0.955 0.549   1.0
0.255 0.346 0.767 0.054   -1.0
0.366 0.968 0.204 0.447   -1.0
0.513 0.535 0.056 0.633   -1.0
0.586 0.915 0.029 0.206   -1.0
0.611 0.272 0.277 0.039   -1.0
0.328 0.967 0.357 0.283   -1.0
0.834 0.538 0.863 0.601   1.0
0.713 0.967 0.560 0.918   1.0
0.203 0.431 0.949 0.259   -1.0
0.364 0.845 0.978 0.393   1.0
0.149 0.003 0.324 0.427   -1.0
0.815 0.755 0.009 0.172   -1.0
0.526 0.006 0.576 0.389   -1.0
0.168 0.102 0.574 0.728   -1.0
0.988 0.931 0.450 0.938   1.0
0.514 0.302 0.034 0.492   -1.0
0.085 0.641 0.698 0.409   -1.0
0.740 0.224 0.823 0.749   1.0
0.860 0.275 0.402 0.436   -1.0
0.009 0.604 0.766 0.583   -1.0
0.786 0.571 0.263 0.236   -1.0
0.452 0.750 0.811 0.486   1.0
0.505 0.571 0.884 0.203   -1.0*
0.952 0.943 0.204 0.774   1.0
0.600 0.634 0.967 0.002   1.0
0.631 0.011 0.675 0.397   -1.0
0.007 0.183 0.164 0.269   -1.0
0.673 0.721 0.170 0.484   1.0
0.413 0.989 0.779 0.296   1.0
0.759 0.248 0.135 0.963   1.0
0.827 0.563 0.657 0.794   1.0
0.727 0.425 0.575 0.402   1.0
0.168 0.408 0.006 0.333   -1.0
0.426 0.006 0.399 0.596   -1.0
0.606 0.008 0.480 0.384   -1.0
0.672 0.143 0.553 0.807   1.0
0.575 0.634 0.669 0.232   1.0
0.233 0.959 0.853 0.808   1.0
0.676 0.976 0.769 0.682   1.0
0.447 0.107 0.315 0.845   -1.0
0.805 0.451 0.711 0.285   1.0
0.016 0.957 0.979 0.569   1.0
0.085 0.144 0.398 0.754   -1.0
0.826 0.986 0.336 0.680   1.0
0.696 0.356 0.770 0.466   1.0
0.079 0.912 0.144 0.393   -1.0
0.847 0.198 0.209 0.559   -1.0
0.045 0.575 0.440 0.024   -1.0
0.204 0.109 0.289 0.602   -1.0
0.665 0.428 0.849 0.001   -1.0
0.643 0.697 0.463 0.413   1.0
0.501 0.492 0.075 0.645   -1.0
0.833 0.492 0.083 0.042   -1.0
0.567 0.087 0.626 0.007   -1.0
0.770 0.211 0.220 0.059   -1.0
0.082 0.724 0.241 0.931   -1.0
0.349 0.574 0.422 0.813   -1.0*
0.585 0.313 0.479 0.660   -1.0*
0.364 0.493 0.451 0.447   -1.0
0.502 0.014 0.621 0.128   -1.0
0.732 0.898 0.232 0.951   -1.0*
0.045 0.033 0.681 0.286   1.0*
0.406 0.635 0.538 0.828   1.0
0.526 0.413 0.761 0.004   -1.0
0.719 0.368 0.565 0.170   -1.0
0.100 0.671 0.829 0.721   1.0
0.850 0.452 0.698 0.082   1.0
0.655 0.126 0.437 0.337   -1.0
0.401 0.743 0.047 0.940   1.0
0.494 0.465 0.984 0.255   1.0
0.057 0.974 0.838 0.622   1.0
0.653 0.722 0.815 0.482   1.0
0.615 0.332 0.895 0.312   1.0
0.298 0.967 0.540 0.735   1.0
0.952 0.137 0.047 0.999   1.0
0.618 0.493 0.542 0.602   1.0
0.012 0.658 0.722 0.849   1.0
0.866 0.502 0.002 0.681   -1.0*
0.444 0.295 0.316 0.339   -1.0
0.729 0.637 0.575 0.269   1.0
0.879 0.221 0.509 0.926   1.0
0.586 0.543 0.713 0.128   -1.0
0.461 0.139 0.803 0.183   1.0*
0.084 0.049 0.490 0.086   -1.0
0.474 0.530 0.025 0.790   -1.0
0.633 0.520 0.507 0.208   -1.0
0.879 0.087 0.010 0.389   -1.0
0.230 0.974 0.556 0.942   1.0
0.702 0.403 0.242 0.505   -1.0
0.230 0.589 0.635 0.721   1.0
0.365 0.195 0.205 0.391   1.0*
0.074 0.023 0.505 0.580   -1.0
0.294 0.460 0.318 0.304   -1.0
0.331 0.534 0.823 0.888   1.0
0.925 0.589 0.879 0.167   1.0
0.466 0.397 0.683 0.101   -1.0
0.357 0.466 0.312 0.562   -1.0
0.298 0.636 0.880 0.803   1.0
0.112 0.097 0.676 0.430   -1.0
0.524 0.762 0.936 0.347   1.0
0.412 0.271 0.239 0.291   -1.0
0.333 0.756 0.835 0.016   -1.0
0.952 0.373 0.324 0.264   -1.0
0.181 0.562 0.570 0.061   -1.0
0.786 0.173 0.462 0.462   -1.0
0.864 0.986 0.365 0.799   1.0
0.014 0.211 0.604 0.253   -1.0
0.042 0.586 0.258 0.876   -1.0
0.116 0.828 0.975 0.440   1.0
0.910 0.621 0.654 0.480   1.0
0.019 0.267 0.855 0.481   -1.0
0.458 0.345 0.714 0.823   1.0
0.046 0.837 0.355 0.650   -1.0
0.857 0.692 0.677 0.115   1.0
0.279 0.230 0.396 0.254   -1.0
0.488 0.164 0.291 0.142   -1.0
0.972 0.161 0.911 0.827   1.0
0.640 0.285 0.986 0.354   1.0
0.130 0.400 0.945 0.485   -1.0
0.036 0.342 0.742 0.712   -1.0
0.309 0.991 0.687 0.705   1.0
0.357 0.194 0.409 0.647   -1.0
0.053 0.620 0.497 0.964   1.0
0.138 0.604 0.732 0.125   1.0*
0.840 0.255 0.358 0.786   1.0
0.408 0.821 0.082 0.149   -1.0
0.539 0.459 0.525 0.226   -1.0
0.770 0.583 0.358 0.179   -1.0
0.694 0.233 0.850 0.190   -1.0
0.297 0.329 0.801 0.029   -1.0
0.758 0.869 0.709 0.116   1.0
0.449 0.524 0.476 0.532   -1.0
0.010 0.071 0.132 0.535   -1.0
0.296 0.306 0.880 0.654   1.0
0.111 0.347 0.717 0.961   1.0
0.914 0.258 0.866 0.715   1.0
0.319 0.474 0.157 0.028   -1.0
0.812 0.477 0.113 0.288   -1.0
0.786 0.299 0.079 0.918   1.0
0.376 0.214 0.140 0.256   -1.0
0.625 0.367 0.215 0.342   -1.0
0.752 0.257 0.586 0.618   -1.0*
0.873 0.937 0.445 0.030   -1.0*
0.035 0.842 0.442 0.148   -1.0
0.451 0.935 0.430 0.530   1.0
0.264 0.907 0.066 0.404   -1.0
0.933 0.029 0.530 0.148   -1.0
0.858 0.900 0.627 0.444   1.0
0.599 0.317 0.455 0.045   -1.0
0.421 0.080 0.190 0.863   -1.0
0.321 0.314 0.162 0.750   -1.0
0.015 0.014 0.751 0.081   -1.0
0.914 0.014 0.446 0.444   -1.0
0.817 0.302 0.062 0.444   -1.0
0.580 0.043 0.062 0.035   -1.0
0.410 0.456 0.167 0.599   -1.0
0.395 0.920 0.633 0.558   1.0
0.478 0.572 0.684 0.229   -1.0
0.101 0.143 0.668 0.547   -1.0
0.830 0.364 0.888 0.892   1.0
0.634 0.472 0.852 0.696   1.0
0.940 0.105 0.963 0.107   1.0
0.283 0.502 0.624 0.916   1.0
0.294 0.393 0.633 0.978   1.0
0.286 0.079 0.765 0.953   1.0
0.352 0.783 0.991 0.240   1.0
0.799 0.874 0.147 0.651   1.0
0.654 0.590 0.675 0.618   1.0
0.379 0.900 0.200 0.004   -1.0
0.260 0.298 0.210 0.892   -1.0
0.832 0.178 0.354 0.597   -1.0
0.981 0.949 0.915 0.972   1.0
0.590 0.771 0.063 0.737   1.0
0.633 0.391 0.012 0.308   -1.0
0.709 0.687 0.910 0.909   1.0
0.726 0.169 0.989 0.936   1.0
0.264 0.768 0.240 0.618   -1.0
0.371 0.599 0.314 0.286   -1.0
0.503 0.876 0.342 0.567   1.0
0.763 0.200 0.004 0.775   -1.0
0.013 0.484 0.195 0.923   -1.0
0.886 0.649 0.562 0.875   1.0
0.624 0.139 0.352 0.863   -1.0
0.716 0.234 0.356 0.030   -1.0
0.927 0.534 0.396 0.269   1.0
0.009 0.032 0.300 0.013   -1.0
0.808 0.027 0.291 0.004   -1.0
0.685 0.890 0.598 0.247   1.0
0.182 0.871 0.903 0.534   1.0
0.660 0.250 0.968 0.017   -1.0
0.489 0.944 0.814 0.885   1.0
0.914 0.894 0.245 0.215   1.0
0.052 0.023 0.934 0.343   -1.0
0.884 0.028 0.916 0.482   1.0
0.681 0.664 0.146 0.584   1.0
0.880 0.244 0.447 0.848   1.0
0.727 0.336 0.205 0.541   -1.0
0.418 0.456 0.116 0.663   -1.0
0.024 0.714 0.693 0.958   1.0
0.719 0.842 0.085 0.636   1.0
0.361 0.316 0.987 0.507   1.0
0.184 0.386 0.145 0.632   -1.0
0.406 0.359 0.571 0.611   -1.0
0.792 0.029 0.356 0.908   1.0
0.026 0.932 0.405 0.719   1.0
0.463 0.439 0.731 0.548   1.0
0.055 0.909 0.391 0.042   -1.0
0.291 0.227 0.802 0.436   -1.0
0.036 0.842 0.217 0.607   -1.0
0.118 0.399 0.481 0.474   -1.0
0.172 0.500 0.238 0.578   -1.0
0.128 0.040 0.658 0.859   -1.0
0.732 0.914 0.498 0.123   -1.0*
0.913 0.414 0.183 0.715   1.0
0.041 0.751 0.691 0.259   -1.0
0.143 0.377 0.757 0.624   -1.0
0.063 0.797 0.351 0.301   -1.0
0.570 0.429 0.415 0.228   -1.0
0.004 0.960 0.202 0.501   -1.0
0.159 0.415 0.496 0.342   -1.0
0.346 0.383 0.881 0.037   -1.0
0.239 0.180 0.019 0.996   -1.0
0.869 0.059 0.601 0.220   -1.0
0.975 0.791 0.789 0.390   1.0
0.077 0.393 0.979 0.279   -1.0
0.062 0.438 0.310 0.559   -1.0
0.439 0.904 0.163 0.321   -1.0
0.805 0.559 0.121 0.823   1.0
0.926 0.693 0.614 0.527   1.0
0.974 0.502 0.704 0.763   1.0
0.723 0.840 0.285 0.703   1.0
0.180 0.765 0.557 0.489   -1.0
0.337 0.929 0.229 0.500   -1.0
0.170 0.305 0.809 0.291   -1.0
0.364 0.216 0.822 0.978   1.0
0.735 0.951 0.245 0.439   1.0
0.137 0.163 0.554 0.422   -1.0
0.673 0.602 0.631 0.230   1.0
0.955 0.568 0.020 0.184   -1.0
0.269 0.353 0.373 0.078   -1.0
0.502 0.442 0.861 0.324   1.0
0.604 0.059 0.371 0.849   -1.0
0.085 0.985 0.661 0.638   1.0
0.526 0.311 0.009 0.157   -1.0
0.100 0.112 0.110 0.120   -1.0
0.178 0.389 0.649 0.552   -1.0
0.293 0.054 0.909 0.154   -1.0
0.329 0.758 0.436 0.700   1.0
0.934 0.784 0.592 0.594   1.0
0.999 0.121 0.734 0.008   -1.0
0.276 0.107 0.390 0.386   -1.0
0.686 0.564 0.616 0.335   1.0
0.083 0.628 0.170 0.993   -1.0
0.547 0.322 0.541 0.983   1.0
0.147 0.917 0.806 0.739   1.0
0.229 0.738 0.632 0.963   1.0
0.910 0.239 0.853 0.300   1.0
0.080 0.986 0.190 0.696   -1.0
0.306 0.780 0.949 0.476   1.0
0.732 0.023 0.094 0.272   -1.0
0.115 0.419 0.923 0.921   1.0
0.435 0.150 0.896 0.067   -1.0
0.642 0.977 0.352 0.495   1.0
0.978 0.575 0.262 0.168   -1.0
0.583 0.474 0.052 0.532   -1.0
0.824 0.264 0.973 0.918   1.0
0.979 0.033 0.955 0.902   -1.0*
0.114 0.337 0.104 0.010   -1.0
0.216 0.652 0.381 0.569   -1.0
0.658 0.546 0.722 0.920   1.0
0.994 0.503 0.188 0.046   -1.0
0.137 0.870 0.299 0.110   -1.0
0.835 0.089 0.821 0.790   -1.0*
0.775 0.904 0.328 0.879   1.0
0.732 0.095 0.566 0.113   -1.0
0.713 0.771 0.210 0.435   1.0
0.924 0.430 0.194 0.112   -1.0
0.229 0.249 0.345 0.528   -1.0
0.132 0.363 0.448 0.953   -1.0
0.439 0.728 0.057 0.767   -1.0
0.971 0.499 0.701 0.537   1.0
0.365 0.250 0.383 0.575   -1.0
0.074 0.499 0.115 0.269   -1.0
0.590 0.498 0.859 0.935   1.0
0.219 0.068 0.389 0.666   -1.0
0.543 0.105 0.748 0.600   -1.0
0.355 0.571 0.371 0.056   -1.0
0.983 0.421 0.358 0.366   -1.0*
0.043 0.441 0.494 0.158   -1.0
0.105 0.749 0.208 0.964   1.0
0.234 0.183 0.751 0.623   -1.0
0.772 0.166 0.954 0.521   1.0
0.826 0.875 0.336 0.196   1.0
0.444 0.180 0.352 0.801   -1.0
0.347 0.844 0.987 0.842   1.0
0.696 0.946 0.751 0.904   1.0
0.435 0.138 0.093 0.186   -1.0
0.942 0.958 0.927 0.895   1.0
0.692 0.721 0.354 0.028   -1.0
0.285 0.472 0.097 0.637   -1.0
0.643 0.985 0.117 0.630   1.0
0.120 0.326 0.773 0.871   1.0
0.683 0.305 0.368 0.776   1.0
0.129 0.717 0.450 0.055   -1.0
0.929 0.747 0.334 0.283   1.0
0.251 0.568 0.247 0.348   -1.0
0.520 0.991 0.190 0.637   1.0
0.017 0.757 0.948 0.789   1.0
0.178 0.472 0.933 0.546   1.0
0.425 0.675 0.965 0.875   1.0
0.578 0.803 0.477 0.912   1.0
0.253 0.163 0.654 0.500   -1.0
0.860 0.020 0.503 0.050   -1.0
0.124 0.067 0.414 0.072   -1.0
0.042 0.250 0.328 0.975   -1.0
0.576 0.400 0.471 0.541   -1.0
0.201 0.119 0.078 0.678   -1.0
0.164 0.931 0.194 0.819   1.0
0.705 0.679 0.451 0.207   1.0
0.108 0.331 0.795 0.522   -1.0
0.651 0.564 0.653 0.979   1.0
0.449 0.555 0.940 0.920   1.0
0.214 0.121 0.216 0.293   -1.0
0.247 0.457 0.730 0.440   -1.0
0.161 0.145 0.955 0.611   -1.0
0.683 0.719 0.684 0.478   1.0
0.087 0.129 0.805 0.741   -1.0
0.344 0.190 0.664 0.284   -1.0
0.761 0.498 0.230 0.977   1.0
0.029 0.224 0.248 0.759   -1.0
0.524 0.920 0.809 0.479   1.0
0.162 0.162 0.251 0.846   -1.0
0.492 0.933 0.770 0.297   1.0
0.879 0.641 0.864 0.543   1.0
0.973 0.304 0.423 0.204   -1.0
0.214 0.233 0.505 0.463   1.0*
0.169 0.987 0.913 0.978   1.0
0.445 0.140 0.628 0.695   1.0*
0.268 0.187 0.920 0.038   -1.0
0.594 0.917 0.125 0.457   1.0
0.050 0.431 0.764 0.473   -1.0
0.045 0.688 0.867 0.550   1.0
0.860 0.719 0.137 0.773   1.0
0.603 0.217 0.837 0.231   -1.0
0.824 0.500 0.100 0.743   1.0
0.584 0.337 0.455 0.708   1.0
0.915 0.758 0.225 0.679   1.0
0.859 0.724 0.919 0.726   1.0
0.069 0.586 0.994 0.206   -1.0
0.691 0.810 0.576 0.529   1.0
0.488 0.352 0.540 0.588   -1.0
0.078 0.171 0.432 0.533   -1.0
0.226 0.448 0.638 0.451   -1.0
0.870 0.310 0.851 0.789   1.0
0.126 0.858 0.623 0.119   -1.0
0.981 0.811 0.874 0.557   1.0
0.915 0.045 0.692 0.456   1.0
0.787 0.534 0.804 0.219   1.0
0.684 0.446 0.514 0.322   -1.0
0.641 0.192 0.207 0.492   1.0*
0.244 0.617 0.839 0.867   1.0
0.904 0.848 0.547 0.778   1.0
0.887 0.693 0.451 0.579   1.0
0.084 0.366 0.683 0.888   1.0
0.749 0.572 0.031 0.264   -1.0
0.928 0.904 0.087 0.136   1.0
0.068 0.380 0.013 0.907   -1.0
0.750 0.811 0.095 0.297   -1.0
0.500 0.184 0.282 0.951   -1.0
0.431 0.034 0.129 0.114   -1.0
0.714 0.863 0.495 0.745   1.0
0.389 0.674 0.031 0.476   -1.0
0.428 0.544 0.189 0.441   -1.0
0.436 0.191 0.261 0.531   -1.0
0.850 0.031 0.672 0.133   1.0*
0.435 0.564 0.017 0.564   -1.0
0.939 0.278 0.541 0.434   1.0
0.668 0.823 0.697 0.699   1.0
0.507 0.127 0.843 0.696   1.0
0.294 0.132 0.758 0.555   -1.0
0.246 0.406 0.694 0.918   1.0
0.676 0.353 0.102 0.693   -1.0
0.780 0.632 0.195 0.320   -1.0
0.218 0.988 0.889 0.915   1.0
0.189 0.422 0.814 0.032   -1.0
0.381 0.326 0.250 0.139   -1.0
0.913 0.386 0.287 0.607   1.0
0.825 0.283 0.657 0.927   -1.0*
0.574 0.707 0.609 0.769   1.0
0.675 0.987 0.015 0.564   1.0
0.702 0.753 0.324 0.516   1.0
0.442 0.897 0.110 0.691   1.0
0.991 0.604 0.422 0.278   1.0
0.726 0.104 0.494 0.383   -1.0
0.471 0.957 0.738 0.079   1.0
0.765 0.754 0.714 0.780   1.0
0.616 0.482 0.071 0.940   -1.0*
0.855 0.382 0.894 0.965   1.0
0.930 0.957 0.678 0.352   1.0
0.889 0.077 0.339 0.383   -1.0
0.370 0.854 0.417 0.108   -1.0
0.144 0.873 0.687 0.858   1.0
0.005 0.474 0.135 0.076   -1.0
0.132 0.931 0.797 0.026   -1.0
0.870 0.956 0.853 0.548   1.0
0.089 0.436 0.385 0.428   -1.0
0.845 0.798 0.673 0.262   1.0
0.606 0.406 0.779 0.293   1.0
0.432 0.298 0.738 0.567   1.0
0.152 0.699 0.304 0.949   1.0
0.201 0.819 0.682 0.054   -1.0
0.990 0.143 0.803 0.375   1.0
0.623 0.220 0.369 0.295   -1.0
0.274 0.901 0.888 0.053   1.0
0.152 0.485 0.491 0.890   1.0
0.865 0.043 0.751 0.169   1.0*
0.476 0.370 0.810 0.158   -1.0
0.177 0.148 0.567 0.980   -1.0
0.137 0.603 0.742 0.506   -1.0
0.224 0.780 0.799 0.113   -1.0
0.993 0.265 0.319 0.485   1.0
0.371 0.349 0.198 0.122   -1.0
0.189 0.598 0.888 0.999   1.0
0.312 0.176 0.904 0.878   1.0
0.427 0.016 0.759 0.169   -1.0
0.657 0.393 0.302 0.457   -1.0
0.135 0.450 0.770 0.454   -1.0
0.926 0.824 0.283 0.123   1.0
0.802 0.313 0.544 0.689   1.0
0.300 0.001 0.488 0.204   -1.0
0.645 0.631 0.895 0.404   1.0
0.416 0.061 0.192 0.718   -1.0
0.698 0.853 0.967 0.468   1.0
0.902 0.394 0.131 0.185   -1.0
0.077 0.987 0.830 0.621   1.0
0.142 0.922 0.677 0.630   1.0
0.557 0.274 0.757 0.451   1.0
0.557 0.868 0.739 0.749   1.0
0.256 0.447 0.439 0.224   -1.0
0.746 0.126 0.309 0.878   1.0
0.826 0.955 0.298 0.655   1.0
0.974 0.797 0.498 0.651   1.0
0.624 0.208 0.701 0.381   -1.0
0.379 0.937 0.527 0.118   -1.0
0.113 0.374 0.133 0.552   -1.0
0.048 0.298 0.724 0.356   -1.0
0.034 0.182 0.131 0.332   -1.0
0.707 0.306 0.634 0.205   1.0*
0.061 0.829 0.164 0.762   -1.0
0.823 0.141 0.147 0.350   -1.0
0.834 0.463 0.632 0.967   1.0
0.230 0.014 0.313 0.954   -1.0
0.489 0.988 0.553 0.619   1.0
0.390 0.326 0.626 0.025   -1.0
0.583 0.086 0.361 0.747   -1.0
0.570 0.570 0.989 0.718   1.0
0.247 0.551 0.384 0.879   1.0
0.399 0.109 0.532 0.712   -1.0
0.903 0.201 0.050 0.456   -1.0
0.370 0.846 0.147 0.996   1.0
0.678 0.579 0.957 0.039   1.0
0.805 0.609 0.896 0.794   1.0
0.817 0.041 0.878 0.201   -1.0
0.396 0.600 0.028 0.928   -1.0
0.091 0.831 0.513 0.141   -1.0
0.334 0.511 0.134 0.481   -1.0
0.005 0.159 0.086 0.962   -1.0
0.411 0.768 0.807 0.307   1.0
0.134 0.124 0.602 0.013   -1.0
0.521 0.409 0.925 0.550   1.0
0.237 0.640 0.168 0.751   -1.0
0.456 0.084 0.292 0.589   -1.0
0.799 0.595 0.724 0.885   1.0
0.922 0.296 0.325 0.729   1.0
0.886 0.864 0.728 0.488   1.0
0.053 0.010 0.285 0.978   -1.0
0.622 0.215 0.200 0.790   1.0*
0.981 0.246 0.050 0.273   -1.0
0.615 0.072 0.430 0.339   1.0*
0.987 0.261 0.253 0.311   1.0*
0.856 0.198 0.853 0.584   1.0
0.730 0.636 0.696 0.014   1.0
0.255 0.636 0.829 0.455   1.0
0.795 0.436 0.672 0.845   1.0
0.507 0.460 0.780 0.936   1.0
0.737 0.923 0.060 0.990   1.0
0.050 0.846 0.432 0.903   1.0
0.118 0.633 0.066 0.814   -1.0
0.680 0.069 0.283 0.510   -1.0
0.709 0.305 0.960 0.381   1.0
0.669 0.888 0.611 0.449   1.0
0.410 0.186 0.747 0.470   -1.0
0.982 0.519 0.023 0.414   -1.0
0.453 0.532 0.055 0.519   -1.0
0.702 0.199 0.415 0.985   1.0
0.940 0.694 0.014 0.900   1.0
0.165 0.568 0.962 0.775   1.0
0.786 0.185 0.203 0.533   -1.0
0.380 0.515 0.174 0.402   -1.0
0.597 0.855 0.461 0.651   1.0
0.807 0.353 0.573 0.222   -1.0
0.282 0.161 0.032 0.297   -1.0
0.106 0.461 0.629 0.068   -1.0
0.646 0.855 0.422 0.850   1.0
0.077 0.229 0.903 0.252   -1.0
0.832 0.848 0.486 0.293   1.0
0.860 0.099 0.853 0.433   1.0
0.191 0.716 0.482 0.222   -1.0
0.543 0.328 0.474 0.172   -1.0
0.710 0.818 0.251 0.133   -1.0
0.639 0.210 0.897 0.542   1.0
0.529 0.374 0.310 0.015   -1.0
0.810 0.876 0.766 0.663   1.0
0.087 0.853 0.024 0.569   -1.0
0.037 0.112 0.404 0.510   -1.0
0.800 0.221 0.103 0.052   -1.0
0.771 0.691 0.563 0.668   1.0
0.025 0.197 0.607 0.335   -1.0
0.274 0.144 0.089 0.039   -1.0
0.397 0.126 0.660 0.422   -1.0
0.736 0.459 0.807 0.140   -1.0*
0.092 0.941 0.189 0.195   1.0*
0.543 0.966 0.683 0.106   1.0
0.916 0.131 0.832 0.523   1.0
0.045 0.796 0.610 0.133   -1.0
0.417 0.531 0.962 0.077   1.0*
0.657 0.813 0.411 0.464   -1.0*
0.380 0.556 0.894 0.569   1.0
0.886 0.112 0.717 0.569   1.0
0.351 0.484 0.348 0.183   -1.0
0.814 0.227 0.803 0.423   1.0
0.639 0.840 0.891 0.600   1.0
0.844 0.257 0.731 0.255   1.0
0.685 0.635 0.277 0.579   1.0
0.028 0.465 0.316 0.745   -1.0
0.534 0.096 0.518 0.882   1.0
0.525 0.695 0.507 0.328   1.0
0.867 0.967 0.959 0.758   1.0
0.877 0.602 0.824 0.608   1.0
0.545 0.292 0.492 0.823   1.0
0.696 0.851 0.336 0.012   -1.0
0.369 0.545 0.693 0.887   1.0
0.972 0.412 0.122 0.478   -1.0
0.241 0.345 0.707 0.200   -1.0
0.274 0.077 0.705 0.098   -1.0
0.562 0.643 0.977 0.054   1.0
0.848 0.750 0.317 0.184   1.0
0.913 0.553 0.307 0.606   1.0
0.734 0.577 0.853 0.856   1.0
0.593 0.097 0.401 0.300   -1.0
0.504 0.574 0.374 0.209   -1.0
0.059 0.771 0.315 0.036   -1.0
0.781 0.884 0.575 0.098   1.0
0.336 0.012 0.621 0.643   -1.0
0.062 0.376 0.195 0.915   -1.0
0.251 0.508 0.330 0.652   -1.0
0.627 0.156 0.383 0.001   -1.0
0.055 0.060 0.136 0.370   -1.0
0.962 0.152 0.979 0.536   1.0
0.047 0.873 0.262 0.668   -1.0
0.880 0.729 0.892 0.075   1.0
0.124 0.326 0.153 0.454   1.0*
0.961 0.081 0.133 0.344   -1.0
0.498 0.399 0.142 0.634   -1.0
0.238 0.595 0.921 0.217   -1.0
0.171 0.264 0.004 0.433   -1.0
0.520 0.312 0.661 0.411   -1.0
0.305 0.535 0.712 0.458   -1.0*
0.690 0.419 0.070 0.822   1.0
0.152 0.320 0.162 0.294   1.0*
0.931 0.531 0.549 0.852   1.0
0.681 0.023 0.012 0.686   -1.0
0.943 0.205 0.767 0.604   1.0
0.154 0.909 0.152 0.867   1.0
0.141 0.556 0.786 0.210   -1.0
0.549 0.362 0.699 0.711   1.0
0.652 0.643 0.187 0.202   -1.0
0.935 0.883 0.517 0.946   1.0
0.973 0.890 0.774 0.740   1.0
0.390 0.894 0.403 0.542   1.0
0.771 0.683 0.317 0.557   1.0
0.696 0.106 0.255 0.395   -1.0
0.910 0.047 0.460 0.097   -1.0
0.954 0.031 0.132 0.472   1.0*
0.701 0.444 0.868 0.475   1.0
0.362 0.865 0.079 0.765   1.0
0.840 0.535 0.090 0.157   -1.0
0.983 0.854 0.198 0.237   1.0
0.015 0.148 0.296 0.475   -1.0
0.545 0.429 0.276 0.677   -1.0
0.254 0.378 0.345 0.121   -1.0
0.530 0.483 0.718 0.608   1.0
0.125 0.448 0.783 0.215   -1.0
0.876 0.198 0.459 0.073   -1.0
0.708 0.088 0.583 0.004   -1.0
0.827 0.549 0.992 0.103   1.0
0.892 0.357 0.603 0.237   1.0
0.456 0.767 0.961 0.174   1.0
0.209 0.299 0.824 0.993   1.0
0.430 0.868 0.711 0.889   1.0
0.147 0.597 0.030 0.729   -1.0
0.593 0.557 0.149 0.585   -1.0
0.375 0.477 0.017 0.978   -1.0
0.495 0.434 0.481 0.456   -1.0
0.857 0.666 0.906 0.681   1.0
0.420 0.110 0.527 0.131   1.0*
0.468 0.278 0.596 0.498   -1.0
0.197 0.091 0.564 0.346   -1.0
0.224 0.720 0.152 0.241   -1.0
0.867 0.736 0.132 0.348   1.0
0.740 0.205 0.858 0.647   1.0
0.517 0.067 0.996 0.043   -1.0
0.995 0.511 0.476 0.591   1.0
0.484 0.788 0.100 0.048   -1.0
0.776 0.272 0.854 0.928   1.0
0.553 0.795 0.249 0.685   1.0
0.441 0.425 0.348 0.299   -1.0
0.234 0.816 0.139 0.230   -1.0
0.337 0.225 0.370 0.813   -1.0
0.380 0.297 0.605 0.481   -1.0
0.739 0.256 0.616 0.593   1.0
0.129 0.146 0.979 0.378   -1.0
0.123 0.819 0.257 0.471   -1.0
0.329 0.705 0.934 0.467   1.0
0.793 0.804 0.160 0.163   -1.0
0.977 0.543 0.913 0.581   1.0
0.258 0.320 0.280 0.874   -1.0
0.465 0.004 0.059 0.444   -1.0
0.890 0.567 0.200 0.147   -1.0
0.318 0.475 0.742 0.252   -1.0
0.677 0.045 0.746 0.837   1.0
0.363 0.813 0.751 0.277   1.0
0.775 0.535 0.715 0.055   1.0
0.628 0.519 0.413 0.687   -1.0*
0.794 0.578 0.530 0.995   1.0
0.567 0.313 0.200 0.309   -1.0
0.142 0.986 0.610 0.889   1.0
0.817 0.252 0.636 0.568   1.0
0.031 0.343 0.063 0.745   -1.0
0.472 0.373 0.917 0.885   1.0
0.880 0.679 0.638 0.410   1.0
0.363 0.977 0.987 0.563   1.0
0.552 0.705 0.273 0.161   -1.0
0.095 0.979 0.846 0.731   1.0
0.374 0.762 0.890 0.438   1.0
0.288 0.910 0.881 0.204   1.0
0.942 0.084 0.474 0.580   1.0
0.148 0.942 0.471 0.135   -1.0
0.758 0.687 0.210 0.030   -1.0
0.804 0.126 0.827 0.650   1.0
0.374 0.025 0.619 0.264   -1.0
0.126 0.552 0.372 0.007   -1.0
0.167 0.949 0.841 0.642   1.0
0.335 0.790 0.471 0.806   1.0
0.976 0.564 0.612 0.186   1.0
0.460 0.990 0.720 0.287   1.0
0.577 0.661 0.665 0.196   1.0
0.127 0.323 0.477 0.499   -1.0
0.234 0.666 0.278 0.074   -1.0
0.807 0.409 0.098 0.278   -1.0
0.023 0.254 0.780 0.635   -1.0
0.374 0.095 0.431 0.094   -1.0
0.071 0.672 0.043 0.736   -1.0
0.968 0.863 0.190 0.446   1.0
0.520 0.679 0.029 0.799   1.0
0.337 0.605 0.163 0.435   -1.0
0.378 0.457 0.137 0.157   -1.0
0.577 0.531 0.186 0.008   -1.0
0.568 0.079 0.298 0.611   -1.0
0.166 0.579 0.678 0.356   -1.0
0.040 0.876 0.705 0.069   -1.0
0.458 0.406 0.280 0.621   -1.0
0.163 0.998 0.298 0.300   -1.0
0.390 0.878 0.687 0.576   1.0
0.313 0.144 0.965 0.611   1.0
0.780 0.776 0.335 0.458   1.0
0.360 0.498 0.008 0.065   -1.0
0.683 0.523 0.973 0.963   1.0
0.814 0.126 0.142 0.112   -1.0
0.298 0.502 0.304 0.985   1.0
0.190 0.298 0.223 0.155   -1.0
0.978 0.934 0.685 0.313   1.0
0.818 0.673 0.890 0.826   1.0
0.457 0.509 0.261 0.430   -1.0
0.404 0.244 0.599 0.546   -1.0
0.025 0.844 0.859 0.330   1.0
0.937 0.519 0.127 0.160   -1.0
0.036 0.138 0.608 0.722   -1.0
1.000 0.539 0.123 0.890   1.0
0.861 0.347 0.875 0.122   1.0
0.347 0.526 0.021 0.946   -1.0
0.378 0.971 0.916 0.237   1.0
0.745 0.174 0.820 0.872   1.0
0.494 0.908 0.471 0.102   -1.0
0.921 0.102 0.169 0.044   1.0*
0.535 0.905 0.338 0.410   1.0
0.115 0.757 0.553 0.137   -1.0
0.625 0.515 0.674 0.540   1.0
0.974 0.285 0.925 0.794   1.0
0.258 0.288 0.064 0.729   -1.0
0.694 0.649 0.493 0.863   1.0
0.485 0.397 0.599 0.823   1.0
0.626 0.939 0.564 0.179   1.0
0.266 0.803 0.591 0.940   1.0
0.342 0.914 0.628 0.267   1.0
0.785 0.525 0.997 0.849   1.0
0.388 0.543 0.903 0.880   1.0
0.597 0.365 0.803 0.196   -1.0
0.609 0.822 0.127 0.173   -1.0
0.203 0.439 0.804 0.793   1.0
0.148 0.135 0.293 0.776   -1.0
0.002 0.561 0.928 0.998   1.0
0.182 0.386 0.953 0.085   -1.0
0.359 0.682 0.632 0.161   -1.0
0.820 0.770 0.700 0.948   1.0
0.701 0.151 0.382 0.505   -1.0
0.761 0.653 0.080 0.054   -1.0
0.482 0.056 0.991 0.410   -1.0
0.401 0.592 0.440 0.354   -1.0
0.707 0.713 0.359 0.339   1.0
0.237 0.159 0.644 0.937   -1.0
0.588 0.638 0.257 0.970   1.0
0.201 0.731 0.796 0.281   1.0
0.226 0.763 0.841 0.217   1.0
0.896 0.618 0.765 0.336   -1.0*
0.441 0.043 0.685 0.800   -1.0
0.558 0.037 0.540 0.203   1.0*
0.647 0.790 0.612 0.904   1.0
0.755 0.106 0.491 0.551   -1.0
0.277 0.777 0.150 0.118   1.0*
0.323 0.014 0.611 0.088   -1.0
0.583 0.529 0.393 0.268   -1.0
0.775 0.826 0.366 0.315   1.0
0.340 0.962 0.819 0.951   1.0
0.580 0.706 0.972 0.071   1.0
0.358 0.348 0.034 0.508   -1.0
0.028 0.831 0.481 0.639   -1.0
0.831 0.222 0.447 0.224   -1.0
0.776 0.999 0.315 0.142   1.0
0.344 0.482 0.276 0.164   -1.0
0.143 0.743 0.139 0.115   -1.0
0.396 0.473 0.162 0.430   1.0*
0.629 0.458 0.812 0.109   1.0
0.730 0.940 0.319 0.177   1.0
0.808 0.954 0.163 0.124   1.0
0.478 0.468 0.578 0.754   1.0
0.011 0.896 0.375 0.150   -1.0
0.189 0.546 0.484 0.351   1.0*
0.465 0.980 0.434 0.277   1.0
0.531 0.007 0.029 0.850   -1.0
0.194 0.658 0.138 0.357   -1.0
0.234 0.835 0.250 0.811   1.0
0.881 0.822 0.485 0.256   -1.0*
0.496 0.445 0.517 0.980   1.0
0.493 0.445 0.776 0.927   1.0
0.865 0.458 0.728 0.895   1.0
0.912 0.088 0.965 0.050   1.0
0.747 0.283 0.281 0.996   1.0
0.870 0.877 0.917 0.355   1.0
0.888 0.851 0.578 0.405   1.0
0.374 0.898 0.275 0.150   -1.0
0.997 0.015 0.283 0.724   1.0
0.590 0.636 0.998 0.555   1.0
0.444 0.302 0.969 0.725   1.0
0.064 0.594 0.176 0.981   -1.0
0.309 0.869 0.800 0.887   1.0
0.630 0.261 0.172 0.906   -1.0
0.998 0.902 0.426 0.280   1.0
0.335 0.870 0.263 0.333   -1.0
0.949 0.777 0.727 0.919   1.0
0.025 0.983 0.096 0.201   1.0*
0.045 0.510 0.832 0.845   1.0
0.106 0.475 0.657 0.279   -1.0
0.068 0.276 0.283 0.494   -1.0
0.909 0.829 0.427 0.172   1.0
0.852 0.121 0.939 0.579   1.0
0.440 0.604 0.023 0.536   -1.0
0.986 0.581 0.314 0.819   1.0
0.711 0.925 0.900 0.368   1.0
0.280 0.436 0.480 0.563   -1.0
0.037 0.472 0.759 0.464   -1.0
0.920 0.315 0.766 0.859   1.0
0.806 0.299 0.497 0.829   1.0
0.302 0.815 0.415 0.616   1.0
0.840 0.326 0.558 0.740   1.0
0.762 0.021 0.131 0.243   -1.0
0.060 0.279 0.056 0.819   -1.0
0.700 0.739 0.058 0.466   -1.0
0.952 0.272 0.897 0.449   1.0
0.732 0.751 0.916 0.147   1.0
0.549 0.987 0.693 0.108   1.0
0.388 0.870 0.748 0.518   1.0
0.332 0.579 0.392 0.388   -1.0
0.135 0.089 0.137 0.193   -1.0
0.735 0.145 0.827 0.632   1.0
0.928 0.363 0.346 0.844   1.0
0.713 0.394 0.498 0.406   1.0
0.225 0.794 0.372 0.974   1.0
0.484 0.306 0.891 0.876   1.0
0.288 0.011 0.783 0.425   -1.0
0.338 0.160 0.350 0.165   -1.0
0.944 0.094 0.155 0.290   -1.0
0.665 0.003 0.332 0.163   -1.0
0.833 0.388 0.203 0.205   -1.0
0.515 0.689 0.668 0.405   1.0
0.362 0.694 0.576 0.145   -1.0
0.781 0.483 0.279 0.131   -1.0
0.070 0.075 0.742 0.225   -1.0
0.680 0.890 0.368 0.011   -1.0
0.777 0.844 0.441 0.979   1.0
0.802 0.494 0.738 0.470   1.0
0.303 0.832 0.593 0.879   -1.0*
0.712 0.660 0.460 0.991   1.0
0.108 0.061 0.866 0.850   -1.0
0.232 0.530 0.177 0.600   -1.0
0.230 0.376 0.386 0.671   -1.0
0.434 0.473 0.850 0.172   -1.0
0.749 0.475 0.775 0.343   1.0
0.752 0.055 0.014 0.212   -1.0
0.805 0.320 0.107 0.672   -1.0
0.394 0.903 0.699 0.571   1.0
0.240 0.801 0.879 0.626   1.0
0.235 0.060 0.946 0.085   -1.0
0.889 0.834 0.707 0.665   1.0
0.061 0.417 0.231 0.075   -1.0
0.277 0.881 0.949 0.385   1.0
0.118 0.779 0.456 0.817   1.0
0.958 0.058 0.151 0.838   1.0
0.624 0.072 0.744 0.570   1.0
0.976 0.459 0.991 0.683   1.0
0.167 0.744 0.541 0.398   -1.0
0.170 0.676 0.701 0.119   -1.0
0.253 0.237 0.839 0.709   1.0
0.189 0.667 0.112 0.341   -1.0
0.795 0.965 0.577 0.539   1.0
0.734 0.515 0.994 0.725   1.0
0.118 0.892 0.943 0.659   1.0
0.762 0.829 0.966 0.463   1.0
0.027 0.716 0.185 0.866   -1.0
0.240 0.055 0.092 0.352   -1.0
0.597 0.147 0.360 0.174   -1.0
0.895 0.907 0.201 0.888   1.0
0.399 0.006 0.524 0.342   -1.0
0.814 0.104 0.494 0.780   1.0
0.442 0.807 0.284 0.627   1.0
0.709 0.867 0.728 0.801   1.0
0.123 0.398 0.366 0.484   -1.0
0.052 0.379 0.479 0.253   -1.0
0.111 0.652 0.274 0.635   1.0*
0.939 0.449 0.099 0.433   -1.0
0.666 0.875 0.036 0.950   1.0
0.708 0.659 0.369 0.436   1.0
0.587 0.560 0.857 0.953   1.0
0.429 0.004 0.422 0.907   -1.0
0.690 0.018 0.910 0.963   1.0
0.904 0.902 0.101 0.002   -1.0
0.330 0.669 0.209 0.366   -1.0
0.711 0.075 0.278 0.080   -1.0
0.738 0.667 0.070 0.595   1.0
0.114 0.024 0.624 0.536   -1.0
0.881 0.226 0.949 0.791   1.0
0.601 0.694 0.091 0.702   1.0
0.425 0.032 0.366 0.635   -1.0
0.984 0.346 0.473 0.262   1.0
0.984 0.999 0.092 0.054   1.0
0.712 0.168 0.618 0.335   -1.0
0.549 0.216 0.930 0.497   1.0
0.119 0.098 0.701 0.210   -1.0
0.398 0.635 0.833 0.763   1.0
0.232 0.748 0.616 0.705   1.0
0.042 0.688 0.009 0.134   -1.0
0.604 0.846 0.910 0.222   1.0
0.614 0.770 0.397 0.544   1.0
0.403 0.662 0.366 0.104   -1.0
0.167 0.502 0.507 1.000   1.0
0.777 0.232 0.013 0.393   -1.0
0.023 0.435 0.625 0.032   -1.0
0.367 0.636 0.414 0.277   -1.0
0.595 0.891 0.628 0.991   1.0
0.896 0.394 0.097 0.262   -1.0
0.969 0.429 0.000 0.476   -1.0
0.266 0.253 0.660 0.279   -1.0
0.597 0.302 0.081 0.221   -1.0
0.649 0.588 0.970 0.063   1.0
0.827 0.658 0.757 0.455   1.0
0.192 0.351 0.043 0.289   -1.0
0.542 0.257 0.042 0.542   -1.0
0.471 0.808 0.987 0.132   1.0
0.633 0.728 0.389 0.714   1.0
0.724 0.363 0.538 0.694   1.0
0.404 0.521 0.084 0.161   1.0*
0.733 0.352 0.328 0.777   1.0
0.941 0.318 0.898 0.984   1.0
0.632 0.455 0.669 0.618   1.0
0.756 0.251 0.315 0.145   1.0*
0.264 0.869 0.328 0.802   1.0
0.754 0.206 0.084 0.838   -1.0
0.061 0.571 0.719 0.389   -1.0
0.359 0.330 0.666 0.257   -1.0
0.527 0.889 0.769 0.195   1.0
0.355 0.951 0.758 0.670   1.0
0.723 0.934 0.966 0.051   1.0
0.529 0.805 0.942 0.613   1.0
0.309 0.674 0.214 0.027   -1.0
0.562 0.386 0.393 0.228   -1.0
0.707 0.755 0.532 0.476   -1.0*
0.039 0.831 0.901 0.798   1.0
0.998 0.521 0.435 0.964   1.0
0.172 0.493 0.377 0.114   -1.0
0.020 0.423 0.780 0.235   -1.0
0.843 0.797 0.837 0.236   1.0
0.480 0.943 0.780 0.012   1.0
0.730 0.052 0.250 0.632   -1.0
0.751 0.630 0.370 0.187   -1.0
0.943 0.358 0.086 0.320   -1.0
0.192 0.340 0.896 0.972   1.0
0.346 0.814 0.371 0.183   -1.0
0.396 0.663 0.993 0.176   1.0
0.412 0.906 0.727 0.662   1.0
0.577 0.413 0.168 0.947   1.0
0.761 0.890 0.958 0.847   1.0
0.430 0.039 0.550 0.326   -1.0
0.124 0.672 0.825 0.496   1.0
0.875 0.892 0.518 0.868   1.0
0.194 0.280 0.975 0.921   1.0
0.513 0.498 0.354 0.680   1.0
0.953 0.441 0.335 0.911   1.0
0.545 0.341 0.328 0.094   -1.0
0.339 0.219 0.339 0.164   -1.0
0.194 0.040 0.607 0.712   -1.0
0.675 0.906 0.187 0.650   1.0
0.128 0.162 0.325 0.482   -1.0
0.771 0.435 0.284 0.106   -1.0
0.572 0.650 0.688 0.900   1.0
0.355 0.240 0.963 0.694   1.0
0.677 0.889 0.444 0.284   1.0
0.351 0.959 0.507 0.538   1.0
0.334 0.666 0.771 0.660   1.0
0.614 0.431 0.584 0.897   1.0
0.930 0.470 0.187 0.618   1.0
0.931 0.973 0.610 0.895   1.0
0.014 0.572 0.556 0.458   -1.0
0.157 0.809 0.815 0.664   1.0
0.424 0.998 0.013 0.195   -1.0
0.162 0.809 0.089 0.745   -1.0
0.625 0.676 0.176 0.812   1.0
0.547 0.743 0.266 0.157   -1.0
0.934 0.171 0.210 0.489   -1.0
0.066 0.646 0.437 0.881   1.0
0.783 0.305 0.308 0.797   1.0
0.966 0.958 0.309 0.055   1.0
0.015 0.680 0.379 0.192   -1.0